1000 1996
943 880
148 690
97 891
422 891
126 891
498 650
897 739
498 837
381 891
13 891
498 693
617 891
772 658
542 891
498 758
498 65
705 698
386 676
920 677
584 804
498 7
498 370
669 862
342 614
157 891
379 890
644 891
890 891
818 891
238 72
902 470
498 974
275 441
39 804
483 126
251 380
498 281
45 891
478 891
524 891
426 874
953 364
885 677
966 891
231 891
395 891
877 969
498 818
498 716
814 891
834 891
585 916
751 233
434 891
547 194
584 556
358 891
547 157
845 699
988 891
498 170
498 857
498 489
321 556
641 472
498 682
229 167
210 280
960 891
148 435
208 470
124 891
347 951
887 63
838 891
498 998
498 11
498 340
582 891
806 891
570 470
498 992
352 597
858 891
49 739
682 891
498 440
575 460
498 44
379 891
67 891
498 738
475 839
821 891
275 786
902 614
922 891
417 519
117 142
527 891
498 694
498 965
498 459
387 662
851 209
556 891
464 891
498 788
152 427
498 155
825 698
138 891
458 380
816 476
251 784
563 739
920 378
572 891
783 891
498 309
498 314
30 891
329 891
475 543
498 455
141 891
774 972
81 539
507 778
498 42
328 362
195 960
2 728
328 425
498 796
920 7
525 848
330 890
427 891
454 176
473 331
498 131
828 891
704 209
924 821
294 891
233 891
740 891
148 685
498 355
657 891
990 523
498 338
748 891
208 652
541 891
209 891
38 891
279 63
143 235
485 554
894 304
498 661
666 519
82 891
631 891
731 460
162 554
498 907
136 873
498 138
305 471
745 690
851 211
498 490
575 784
781 891
498 149
498 202
60 891
260 891
317 891
154 891
498 749
412 356
376 886
936 725
473 319
412 63
511 213
407 891
181 917
498 482
567 50
772 618
498 930
529 677
498 784
199 470
199 554
498 876
979 891
638 460
498 414
498 260
559 614
498 901
878 176
999 853
877 554
498 369
547 737
498 47
722 72
540 862
880 891
498 755
187 515
498 362
40 891
498 676
274 891
498 218
342 739
584 761
291 891
387 216
498 866
91 403
822 403
498 589
16 215
498 728
779 286
498 18
244 891
498 800
498 427
237 962
480 683
681 508
860 891
201 378
473 124
498 826
164 891
159 215
529 355
498 954
195 172
745 616
498 142
887 167
193 662
498 295
498 310
498 776
235 891
498 512
275 848
648 556
400 833
495 97
5 891
169 891
255 362
737 891
544 155
816 849
498 460
277 676
111 97
903 891
936 440
498 216
498 875
668 231
681 891
494 508
378 891
193 215
482 891
388 662
495 688
957 556
498 636
528 523
199 471
199 194
108 126
498 345
498 346
498 761
456 555
498 932
268 891
897 545
511 360
498 763
647 891
452 407
299 891
498 684
964 215
365 891
955 616
857 891
639 849
458 891
63 891
498 211
498 453
71 233
498 487
396 891
498 228
738 891
948 891
498 286
242 595
357 614
957 886
498 889
25 891
498 555
498 760
547 682
735 891
498 545
458 891
91 360
703 427
743 891
57 778
752 891
193 911
217 891
208 686
121 891
924 961
498 163
498 182
802 891
498 80
830 891
681 812
540 476
498 252
584 338
51 778
195 453
213 891
101 213
615 25
147 891
101 416
412 260
282 341
871 545
790 338
221 72
295 891
575 683
498 474
916 891
361 63
816 338
498 263
457 58
390 488
498 782
229 937
193 72
106 215
240 891
498 217
118 211
702 891
288 891
707 891
2 396
468 725
498 287
804 891
498 523
856 676
498 14
518 290
26 761
498 531
502 826
981 998
897 211
350 364
29 891
498 820
538 891
117 804
10 405
498 397
91 288
498 116
375 961
155 891
360 891
936 602
498 735
361 399
677 891
335 891
507 126
589 891
498 725
242 880
771 891
195 476
563 937
498 166
361 370
777 126
498 94
498 150
498 189
544 618
666 519
739 891
2 151
820 891
498 652
39 338
924 880
412 866
498 737
498 795
193 378
208 338
229 182
184 891
51 173
275 360
807 891
498 700
341 891
990 891
498 665
639 556
494 482
7 891
452 715
774 690
2 380
498 288
749 891
829 891
498 341
406 72
930 891
498 783
159 288
176 891
962 891
342 172
103 647
498 434
379 212
414 891
498 657
258 662
825 539
200 761
498 93
529 476
498 873
801 891
859 891
498 245
878 644
2 432
238 124
498 611
498 268
149 891
563 232
800 891
485 579
316 891
605 891
936 215
498 274
549 891
51 524
498 371
704 471
498 29
655 891
24 891
230 363
729 63
996 455
722 403
732 173
587 338
894 450
498 317
953 58
319 891
498 632
77 891
616 891
841 341
101 167
498 828
733 5
795 891
498 977
282 280
367 211
559 341
498 858
498 292
498 911
134 804
498 515
522 614
498 890
498 510
113 891
445 891
825 130
208 796
498 658
322 891
134 410
750 960
711 801
498 156
774 778
590 472
498 78
498 467
498 416
312 369
540 356
51 215
498 970
108 984
498 838
498 231
498 364
710 891
936 7
955 962
498 642
379 724
403 891
498 240
498 435
159 984
525 63
498 644
498 391
745 274
498 653
745 702
955 519
498 167
498 896
950 644
733 472
498 539
98 450
417 595
731 616
877 686
379 644
498 689
897 922
639 47
468 685
498 491
885 726
498 393
581 539
936 891
507 778
457 614
56 891
648 713
229 966
305 180
668 86
996 364
982 891
498 707
498 583
304 891
498 403
194 891
467 891
498 304
49 396
893 662
498 392
415 482
84 355
133 396
973 539
856 614
498 781
498 141
51 614
251 643
852 519
457 40
251 209
69 725
584 676
584 983
498 325
684 891
875 891
498 394
498 299
498 997
277 520
841 961
432 891
498 446
920 341
733 523
12 778
388 362
889 891
408 776
753 169
498 147
498 849
745 679
64 891
498 814
180 891
953 524
846 121
843 891
552 524
58 891
159 440
498 423
831 555
498 984
37 677
498 470
780 891
57 1
388 545
498 817
501 891
93 891
498 126
750 683
577 126
951 891
498 226
195 441
49 632
465 531
498 582
131 891
199 215
550 891
498 469
579 891
498 331
498 497
314 891
116 891
498 637
229 47
305 539
218 891
897 934
498 527
498 934
203 891
475 907
498 46
498 477
772 760
187 804
662 891
498 554
906 891
158 735
498 439
941 891
385 677
924 787
251 53
901 891
837 891
359 891
773 891
498 976
731 778
57 470
22 435
495 157
49 63
907 891
498 425
777 124
498 923
626 676
498 834
348 72
575 72
498 154
498 508
368 63
14 891
914 891
511 812
57 715
137 403
498 874
143 280
498 962
498 422
817 891
498 319
426 167
759 891
498 805
927 891
865 632
429 618
49 961
498 813
498 592
457 539
475 97
487 891
515 891
298 524
15 891
448 476
267 405
547 662
525 471
2 802
878 130
689 891
208 866
594 972
350 65
187 624
523 891
873 891
135 284
498 708
26 652
340 891
498 121
498 821
118 163
592 891
455 891
498 534
498 675
498 631
498 407
369 891
861 891
367 829
519 891
745 725
736 891
526 891
888 891
361 92
321 211
774 686
934 891
498 542
101 207
175 891
51 371
959 891
430 907
367 151
969 891
20 891
996 614
529 963
498 443
463 891
955 880
498 290
498 617
986 582
128 891
202 891
55 937
836 213
498 541
57 470
498 35
670 524
815 470
137 383
104 724
187 662
424 553
900 891
498 396
498 655
51 147
11 891
808 812
874 891
498 58
552 961
498 710
484 491
863 123
498 972
498 804
683 891
498 24
498 610
216 891
848 891
917 891
850 812
452 988
498 862
426 683
498 556
777 245
920 370
792 891
159 652
498 402
118 476
569 891
639 97
498 827
361 520
418 805
387 425
726 891
498 859
302 891
72 891
498 839
452 911
49 175
563 837
498 203
894 602
498 77
731 962
790 890
503 891
361 698
498 63
700 891
511 304
692 907
498 786
997 891
459 891
498 914
275 476
499 72
584 677
846 849
606 147
590 698
498 233
477 891
955 826
957 760
624 891
228 891
469 891
251 369
498 994
886 891
596 891
727 488
498 356
498 492
472 891
363 891
101 307
729 173
375 218
193 215
575 176
498 164
444 891
533 891
498 20
618 891
660 341
498 595
507 715
973 304
955 862
279 848
686 891
498 496
498 97
361 123
670 124
201 762
636 891
879 63
892 891
851 290
494 157
571 807
376 470
681 124
498 740
498 463
86 891
688 891
722 399
32 891
498 436
166 891
963 891
774 739
151 891
413 217
508 891
498 293
547 786
584 890
727 617
498 205
411 25
852 786
498 918
221 553
50 891
498 343
51 662
619 891
101 194
429 124
787 891
557 848
443 891
498 616
793 427
330 965
412 677
498 432
862 891
498 82
37 970
836 425
226 891
563 261
498 922
163 891
49 698
391 891
498 253
575 435
361 614
998 891
208 776
221 47
994 891
498 5
977 891
134 555
367 595
498 294
498 28
920 341
955 853
498 178
725 891
563 683
847 891
498 207
667 47
936 482
275 848
159 435
798 579
452 934
39 698
379 796
237 240
352 290
789 891
277 240
436 891
990 213
498 441
498 947
676 891
955 640
51 616
498 968
307 891
498 843
275 784
498 337
498 917
458 472
81 683
486 471
187 523
971 891
632 891
908 891
440 891
143 470
159 554
498 662
91 56
520 891
159 618
498 614
343 891
498 960
361 579
498 410
47 891
282 676
498 38
177 891
658 891
87 891
118 427
529 735
498 232
957 962
498 853
540 614
498 789
498 785
666 818
825 261
953 849
394 891
825 371
498 988
399 891
955 715
731 393
292 891
944 891
498 602
498 316
727 124
594 614
498 647
452 97
258 890
498 690
498 888
277 555
458 470
498 565
932 891
498 596
498 651
430 569
336 726
936 843
904 539
498 519
498 30
342 972
698 891
137 261
127 891
401 97
418 63
498 780
486 743
498 927
529 972
51 290
439 891
498 398
666 213
456 947
18 891
822 435
498 335
602 891
498 792
724 891
406 362
498 679
954 891
495 934
745 618
254 423
51 141
936 685
965 891
258 72
999 664
498 982
498 302
44 891
241 169
94 891
284 891
842 934
66 891
165 286
498 812
599 520
584 614
201 743
887 556
185 891
237 739
441 891
2 97
49 677
406 899
836 676
165 778
597 891
778 891
637 891
148 761
774 786
785 891
654 891
498 848
498 886
118 556
355 891
159 271
108 735
498 130
498 123
744 891
498 354
224 274
772 677
473 812
777 14
722 25
498 579
491 891
486 683
426 124
675 891
924 72
84 556
498 951
107 476
498 963
745 677
498 640
638 488
498 819
53 891
603 891
498 961
887 126
159 25
498 113
498 915
498 173
281 891
357 962
583 891
498 380
342 299
224 63
61 891
210 786
498 261
863 209
498 941
498 677
529 614
498 15
486 899
904 151
666 1
529 644
615 788
498 318
808 911
819 891
498 762
498 478
498 307
953 476
473 554
263 891
207 891
497 891
652 891
498 214
242 961
48 167
425 891
172 891
584 726
693 891
585 211
406 72
115 5
380 891
279 66
275 444
705 675
237 435
498 60
237 762
805 891
623 362
709 891
90 891
924 72
529 848
498 25
330 467
936 151
242 235
575 261
832 782
537 539
498 92
182 891
853 891
554 891
22 712
388 460
208 320
731 287
387 778
529 536
643 891
498 151
498 948
1 891
831 947
367 362
42 891
799 124
498 654
423 891
57 891
894 662
772 979
679 891
955 211
498 359
454 890
101 555
170 891
277 970
210 788
882 891
839 891
498 157
152 984
928 891
713 891
552 240
762 891
37 147
191 647
49 890
37 482
856 972
687 891
712 891
764 460
498 721
563 726
498 428
877 441
641 163
227 891
774 866
745 944
485 403
498 899
23 891
46 891
57 211
383 891
884 891
136 890
275 843
953 555
498 176
498 835
955 302
81 338
498 215
85 724
972 891
498 212
498 180
498 383
57 476
165 728
286 891
370 891
575 739
118 176
531 891
750 726
308 891
557 673
897 618
767 72
21 542
195 11
429 167
99 891
522 396
101 287
171 891
498 618
691 891
498 526
580 685
498 543
498 381
324 891
39 341
999 807
279 405
337 891
552 470
347 947
310 891
429 435
471 891
251 335
413 545
135 735
498 358
92 891
498 324
153 482
388 359
485 796
103 685
353 891
289 961
498 900
731 515
727 335
489 891
275 778
553 891
498 1
650 891
745 471
790 72
985 280
51 444
498 175
460 891
607 891
115 675
865 472
970 891
115 294
708 891
193 760
111 1
642 891
571 849
745 937
498 194
498 549
974 891
498 748
661 891
885 445
727 676
466 891
498 699
565 891
305 983
298 355
498 713
833 891
103 440
123 891
610 891
552 892
575 963
507 233
511 274
498 86
39 288
955 86
498 536
498 773
580 807
790 901
936 63
816 455
664 891
287 891
567 213
498 959
498 450
416 891
590 972
195 709
986 216
488 891
498 538
498 967
498 908
498 860
522 947
498 70
153 624
498 315
320 891
221 432
342 784
750 579
498 433
362 891
498 916
275 826
195 503
831 338
498 363
178 891
498 752
571 284
498 771
498 171
729 124
614 891
152 555
413 556
498 405
498 759
498 736
498 476
330 963
191 650
534 891
238 444
786 891
512 891
745 123
498 937
498 685
199 891
809 690
135 786
831 427
318 891
199 207
498 912
199 685
103 812
498 464
253 891
760 891
502 862
197 176
529 786
474 891
704 25
19 435
354 891
498 259
498 726
825 579
653 891
729 63
114 304
498 944
498 466
507 288
498 23
134 66
498 802
498 301
670 508
498 90
638 396
100 213
991 891
8 891
967 891
81 70
536 891
458 676
505 124
273 891
878 555
498 553
405 891
537 286
111 555
986 288
470 891
433 891
537 647
280 891
936 787
498 40
498 378
51 53
856 848
763 891
869 216
498 847
498 533
606 616
498 284
452 776
214 891
498 172
507 503
694 891
361 441
563 432
37 891
798 677
208 338
575 47
447 891
199 432
498 520
498 501
492 891
863 960
563 947
453 891
574 536
81 661
271 891
498 724
498 72
537 880
435 891
257 796
382 891
555 891
332 211
130 891
498 399
498 503
715 891
315 891
953 804
290 891
498 635
494 151
827 891
750 25
498 353
498 991
173 891
648 489
261 891
498 127
924 66
191 13
511 853
498 969
879 151
920 383
502 961
330 97
925 891
393 891
816 371
134 173
375 725
953 786
498 13
208 392
221 569
498 624
498 227
279 545
473 63
412 173
134 172
498 691
984 891
80 891
498 605
498 712
623 595
923 891
480 362
671 891
986 213
498 966
498 880
208 602
446 891
159 743
728 891
215 891
325 891
498 971
545 891
275 172
950 508
107 965
595 891
476 891
245 891
731 290
342 848
498 125
242 235
498 444
640 891
156 891
498 53
964 362
473 683
730 891
498 66
879 602
498 184
813 891
876 891
51 776
356 891
498 739
498 884
342 167
877 801
78 891
229 63
498 687
692 127
498 329
133 441
367 652
277 724
312 124
798 965
475 455
259 891
498 45
428 891
498 664
716 891
418 595
958 455
212 891
498 743
559 690
242 826
342 826
559 302
498 603
242 460
473 866
392 891
761 891
498 550
514 960
729 702
498 67
498 447
936 890
301 891
475 66
150 891
342 209
498 32
635 891
374 450
382 812
920 362
133 605
167 891
727 261
852 553
498 271
498 64
152 66
699 891
108 896
498 569
585 427
529 602
498 671
869 892
563 539
498 244
48 934
936 508
10 355
498 744
367 288
84 951
397 891
277 172
498 273
238 735
241 776
968 891
826 891
305 918
51 632
496 891
350 592
825 616
118 934
498 806
352 984
498 59
285 891
59 891
375 698
854 147
251 804
498 169
450 891
845 356
511 652
375 677
134 503
251 402
784 891
529 709
498 829
750 176
955 778
498 643
983 891
338 891
454 657
375 942
498 99
48 155
55 87
2 969
498 87
731 899
498 830
992 891
563 835
745 556
193 216
648 788
118 286
448 441
498 619
485 688
498 673
498 89
498 185
201 698
195 555
486 983
35 891
788 891
346 891
563 556
498 322
498 395
498 291
719 13
498 213
375 427
367 435
21 553
133 444
498 524
490 891
498 925
426 383
729 784
845 427
606 123
143 211
976 891
895 804
498 360
406 151
251 213
552 441
498 8
953 677
208 555
379 519
897 167
498 688
345 891
498 928
849 891
410 891
894 676
70 891
486 555
627 211
189 891
199 211
498 61
54 146
498 801
498 683
114 301
585 304
920 786
721 891
567 654
651 891
547 157
947 891
937 891
305 760
246 891
719 654
193 167
238 211
498 235
776 891
498 903
590 679
498 607
195 542
137 911
758 891
293 891
498 280
498 572
498 308
584 519
401 172
522 240
498 177
620 873
584 907
398 891
412 261
142 891
342 556
159 519
498 787
920 341
510 891
502 433
498 50
205 891
498 979
812 891
498 892
525 858
486 804
498 445
774 216
498 597
529 739
525 616
364 891
252 891
563 63
498 702
258 1
633 338
648 488
108 698
457 988
498 882
498 698
606 290
37 432
473 715
575 213
793 245
305 677
673 891
498 320
796 891
473 435
498 730
685 891
936 866
342 508
498 488
511 172
350 441
148 362
590 984
498 124
816 965
750 880
878 488
136 778
412 880
755 891
841 476
331 891
731 947
955 126
782 891
498 285
89 891
211 891
258 450
915 891
498 365
525 901
165 804
961 891
498 686
498 833
912 891
125 891
65 891
563 911
498 146
866 891
918 891
498 56
950 405
498 906
418 214
511 690
899 891
371 891
896 891
498 709
703 862
309 891
498 715
611 891
529 801
330 216
277 291
498 128
232 891
379 961
111 632
146 891
690 891
562 891
375 891
367 826
669 778
498 807
498 562
665 891
498 209
498 471
498 778
911 891
772 194
498 472
279 427
199 211
103 63
666 688
574 891
648 848
559 784
547 130
28 891
402 891
990 441
498 861
894 440
816 470
498 246
835 891
879 291
498 983
543 891
193 662
454 124
37 890
539 891
135 555
