1000 1996
105 694
237 586
237 613
784 694
237 974
237 230
975 694
237 341
237 332
237 573
346 694
237 761
450 694
237 26
295 694
237 533
384 694
72 694
237 319
237 489
127 694
237 538
237 9
237 357
237 133
389 694
201 694
472 694
615 694
778 694
237 227
154 694
237 692
296 694
551 694
237 748
726 694
237 888
237 108
237 978
237 838
165 694
237 173
237 43
50 694
237 465
237 215
744 694
484 694
237 508
237 5
793 694
248 694
712 694
237 662
237 303
568 694
347 694
441 694
594 694
277 694
399 694
237 400
237 904
880 694
237 801
237 448
414 694
221 694
109 694
359 694
791 694
237 821
995 694
234 694
981 694
237 758
664 694
952 694
237 375
237 185
237 382
237 199
473 694
840 694
467 694
556 694
139 694
229 694
998 694
237 734
802 694
646 694
237 404
158 694
430 694
572 694
237 873
703 694
237 473
237 556
237 955
237 902
237 466
237 260
797 694
322 694
237 714
88 694
29 694
237 878
180 694
261 694
237 232
308 694
453 694
584 694
922 694
720 694
237 324
237 439
237 667
237 414
546 694
481 694
237 314
85 694
237 124
237 325
237 32
237 347
679 694
811 694
897 694
237 158
366 694
237 541
237 716
237 68
237 163
619 694
237 724
27 694
795 694
208 694
247 694
237 487
751 694
977 694
290 694
593 694
237 633
237 188
237 544
237 23
121 694
237 149
237 712
962 694
237 220
237 565
237 82
245 694
237 222
692 694
237 11
237 693
237 655
237 663
701 694
172 694
237 528
511 694
875 694
876 694
618 694
331 694
237 476
237 594
237 561
237 713
237 397
237 428
894 694
237 796
237 703
574 694
237 943
64 694
237 477
237 911
237 540
746 694
307 694
237 205
333 694
237 887
525 694
237 330
237 874
515 694
772 694
237 730
237 846
142 694
237 178
237 699
237 231
22 694
600 694
237 870
182 694
567 694
204 694
462 694
989 694
820 694
237 834
575 694
237 174
237 982
237 745
237 93
237 905
237 306
405 694
237 881
955 694
908 694
543 694
237 381
237 212
237 327
564 694
237 959
237 929
151 694
237 919
12 694
478 694
305 694
207 694
342 694
153 694
387 694
854 694
237 15
237 647
237 764
237 855
237 563
997 694
924 694
916 694
237 906
35 694
237 364
837 694
237 395
786 694
521 694
237 37
352 694
237 786
587 694
176 694
485 694
851 694
237 223
237 899
237 373
237 762
982 694
237 201
237 977
237 900
15 694
522 694
237 47
96 694
237 290
765 694
237 403
777 694
699 694
237 338
237 767
633 694
237 808
237 792
237 297
669 694
963 694
237 72
191 694
672 694
237 619
237 320
237 342
237 371
237 988
237 307
237 749
237 570
237 103
317 694
218 694
710 694
135 694
237 164
421 694
445 694
801 694
237 820
839 694
237 219
458 694
309 694
891 694
609 694
237 759
237 497
915 694
237 305
53 694
959 694
258 694
785 694
118 694
148 694
4 694
20 694
338 694
237 827
237 968
237 725
750 694
237 973
237 291
858 694
437 694
237 822
747 694
632 694
237 478
582 694
237 452
237 795
237 717
847 694
925 694
424 694
237 848
237 696
881 694
906 694
237 224
108 694
237 708
237 946
731 694
237 494
237 177
45 694
326 694
156 694
237 467
237 392
237 645
601 694
237 259
237 966
237 698
184 694
237 154
237 144
237 485
44 694
932 694
659 694
492 694
237 255
237 884
237 58
281 694
237 139
237 470
377 694
237 682
249 694
554 694
237 370
718 694
368 694
237 299
237 940
372 694
313 694
610 694
237 553
315 694
194 694
237 148
237 244
237 136
461 694
763 694
93 694
684 694
362 694
237 50
237 736
54 694
237 12
237 53
155 694
237 950
134 694
219 694
612 694
241 694
237 979
237 226
237 957
237 731
667 694
237 31
237 265
455 694
895 694
237 871
92 694
237 856
237 532
237 706
641 694
237 84
269 694
237 981
237 515
237 409
237 151
900 694
237 413
339 694
363 694
136 694
348 694
237 241
237 936
38 694
476 694
344 694
836 694
332 694
887 694
237 711
237 396
114 694
237 192
905 694
237 912
396 694
267 694
237 531
566 694
237 368
866 694
237 69
237 90
299 694
237 323
774 694
753 694
237 441
237 408
929 694
616 694
237 85
237 843
373 694
808 694
434 694
237 228
237 813
412 694
237 596
507 694
237 664
237 580
237 665
237 583
237 882
237 799
237 42
762 694
237 780
237 543
232 694
212 694
815 694
237 930
237 121
173 694
711 694
312 694
237 995
658 694
237 643
237 935
316 694
157 694
237 443
237 447
237 398
474 694
657 694
237 263
237 491
237 976
237 117
237 399
237 233
237 861
386 694
691 694
237 844
185 694
419 694
237 190
968 694
237 213
237 216
237 880
988 694
79 694
579 694
237 191
237 283
237 304
237 66
237 346
237 569
268 694
237 417
98 694
237 851
857 694
237 343
286 694
555 694
2 694
447 694
284 694
237 727
237 253
213 694
788 694
549 694
410 694
237 166
150 694
364 694
237 733
779 694
237 432
39 694
689 694
697 694
237 159
737 694
237 453
529 694
237 296
237 359
97 694
960 694
160 694
237 412
606 694
237 44
237 582
431 694
177 694
237 51
237 999
291 694
237 747
227 694
237 59
237 774
237 751
237 21
698 694
237 38
237 463
237 128
882 694
237 276
237 457
25 694
237 225
442 694
237 248
237 610
237 289
994 694
446 694
237 939
237 620
863 694
237 945
237 131
911 694
237 335
670 694
237 654
452 694
482 694
237 89
560 694
237 931
761 694
628 694
497 694
117 694
237 410
337 694
99 694
435 694
237 157
675 694
237 349
758 694
237 609
162 694
24 694
237 850
237 464
237 676
237 211
237 162
464 694
237 825
562 694
237 334
465 694
237 651
237 374
303 694
237 274
970 694
714 694
375 694
237 86
260 694
237 618
169 694
48 694
429 694
113 694
237 95
634 694
264 694
237 893
237 419
119 694
237 10
237 562
748 694
237 721
627 694
237 14
237 818
336 694
428 694
237 257
809 694
654 694
237 326
775 694
783 694
237 258
60 694
237 243
780 694
318 694
516 694
794 694
237 337
741 694
237 106
237 426
237 187
237 697
340 694
226 694
237 160
237 100
237 378
804 694
237 591
749 694
237 984
237 75
237 379
237 495
426 694
193 694
237 578
237 481
62 694
71 694
237 769
237 146
237 626
242 694
237 602
674 694
237 518
237 638
603 694
490 694
237 77
237 652
237 815
904 694
724 694
237 434
625 694
725 694
237 134
487 694
16 694
237 462
237 292
237 914
237 685
237 80
237 678
438 694
486 694
237 592
466 694
237 249
855 694
237 60
237 277
237 640
621 694
671 694
237 916
237 522
935 694
237 109
999 694
237 641
237 675
68 694
385 694
237 809
237 585
237 165
404 694
237 998
927 694
237 62
526 694
237 942
769 694
545 694
55 694
220 694
681 694
613 694
120 694
630 694
530 694
237 557
685 694
237 869
237 355
237 152
86 694
535 694
237 513
174 694
250 694
415 694
237 387
237 728
237 864
237 611
237 683
488 694
237 975
237 776
986 694
237 475
179 694
598 694
237 983
638 694
356 694
124 694
237 514
59 694
819 694
237 771
237 208
237 986
716 694
237 636
237 104
237 877
972 694
237 862
729 694
237 348
237 829
237 587
237 446
11 694
237 791
237 496
21 694
237 36
237 679
237 71
433 694
652 694
237 365
237 251
682 694
237 101
237 420
964 694
237 298
411 694
237 804
237 980
237 411
237 519
237 817
651 694
917 694
237 450
756 694
639 694
9 694
818 694
237 318
365 694
163 694
237 468
984 694
237 925
563 694
237 576
237 472
237 971
237 195
607 694
852 694
237 789
237 555
349 694
237 755
237 18
237 947
867 694
380 694
292 694
237 756
656 694
237 415
398 694
237 790
237 442
760 694
123 694
353 694
237 600
647 694
237 1000
237 625
237 785
885 694
823 694
237 921
406 694
237 784
722 694
237 197
237 666
425 694
237 788
237 358
237 787
237 435
144 694
237 994
237 687
23 694
814 694
910 694
946 694
237 270
237 300
237 777
237 431
237 852
237 537
237 120
578 694
297 694
735 694
903 694
237 746
237 701
341 694
237 315
827 694
237 753
237 990
418 694
391 694
237 831
237 302
427 694
620 694
357 694
237 8
889 694
463 694
237 126
237 539
570 694
159 694
444 694
13 694
422 694
104 694
237 631
319 694
237 45
90 694
459 694
237 547
792 694
237 372
500 694
237 690
237 354
739 694
279 694
971 694
926 694
237 659
237 993
527 694
730 694
237 548
237 64
237 362
538 694
883 694
237 646
974 694
237 285
246 694
237 839
237 589
189 694
34 694
237 671
237 507
237 16
237 951
967 694
237 803
559 694
237 996
417 694
237 969
471 694
252 694
993 694
237 715
8 694
116 694
237 401
879 694
206 694
33 694
237 377
65 694
237 87
237 367
237 793
514 694
237 279
237 13
237 892
237 615
237 623
528 694
237 30
637 694
650 694
18 694
237 28
354 694
237 122
237 739
31 694
913 694
237 722
237 954
237 206
237 505
479 694
237 832
237 802
244 694
237 352
75 694
233 694
196 694
237 879
581 694
42 694
237 741
237 595
439 694
592 694
74 694
687 694
237 388
715 694
271 694
237 775
237 797
237 637
237 240
237 604
237 841
237 812
237 2
817 694
954 694
237 54
561 694
676 694
237 723
58 694
523 694
237 282
237 566
683 694
237 236
237 853
790 694
956 694
693 694
302 694
470 694
899 694
237 155
838 694
237 74
237 344
835 694
237 345
237 501
237 612
275 694
237 41
237 938
237 172
580 694
237 896
237 119
350 694
187 694
237 674
70 694
732 694
237 536
257 694
945 694
510 694
237 186
690 694
237 267
686 694
276 694
237 934
237 301
524 694
456 694
537 694
111 694
832 694
237 763
161 694
256 694
237 924
432 694
237 376
947 694
401 694
237 691
237 1
214 694
843 694
237 964
966 694
237 560
237 321
237 430
77 694
826 694
237 280
237 972
934 694
705 694
43 694
237 286
468 694
599 694
991 694
237 768
489 694
237 720
237 863
128 694
237 125
661 694
673 694
237 670
237 718
237 816
146 694
860 694
237 628
864 694
237 509
237 436
278 694
237 156
237 835
608 694
167 694
512 694
237 520
237 933
237 391
149 694
569 694
237 824
237 24
237 76
939 694
520 694
237 653
237 681
237 590
831 694
237 962
943 694
378 694
237 783
237 529
237 4
237 102
237 773
237 360
704 694
237 210
237 189
237 141
237 61
237 137
237 605
237 333
702 694
254 694
237 245
237 235
944 694
237 908
503 694
680 694
237 29
789 694
237 502
734 694
289 694
237 317
653 694
973 694
663 694
237 719
859 694
631 694
36 694
237 661
237 20
237 312
547 694
237 361
400 694
311 694
237 309
237 295
936 694
237 138
237 366
237 629
237 740
595 694
636 694
225 694
237 770
766 694
928 694
237 35
237 142
668 694
215 694
237 598
237 599
813 694
237 33
648 694
237 891
590 694
237 469
896 694
237 840
237 709
909 694
491 694
237 941
953 694
237 794
237 123
224 694
237 288
853 694
178 694
237 438
460 694
237 153
51 694
921 694
849 694
237 207
950 694
907 694
992 694
237 429
886 694
990 694
298 694
237 242
695 694
237 110
237 564
67 694
237 603
122 694
237 837
409 694
237 127
237 672
969 694
374 694
678 694
49 694
957 694
237 597
133 694
237 584
416 694
919 694
205 694
237 449
923 694
40 694
237 772
37 694
533 694
237 91
237 504
237 944
798 694
483 694
237 202
237 920
937 694
237 588
287 694
324 694
237 83
920 694
237 819
237 175
237 875
745 694
237 363
237 170
237 506
237 622
237 781
237 115
115 694
19 694
181 694
237 247
764 694
1000 694
237 49
61 694
617 694
237 992
237 264
237 915
237 546
237 246
237 116
469 694
976 694
237 890
771 694
237 176
237 639
912 694
237 895
558 694
237 867
328 694
237 184
736 694
237 418
237 268
32 694
197 694
237 859
262 694
237 779
255 694
237 634
217 694
304 694
125 694
237 405
376 694
46 694
237 440
540 694
293 694
237 19
708 694
237 752
231 694
237 903
557 694
237 593
237 486
237 607
237 455
824 694
237 952
237 926
314 694
237 559
237 579
828 694
283 694
5 694
237 958
237 669
872 694
874 694
325 694
7 694
548 694
933 694
237 63
942 694
890 694
237 735
941 694
369 694
493 694
532 694
237 204
131 694
893 694
237 760
480 694
888 694
102 694
436 694
237 402
237 171
237 963
168 694
237 754
534 694
237 854
237 150
237 488
237 567
237 601
448 694
585 694
237 686
237 331
644 694
130 694
237 384
816 694
216 694
496 694
550 694
237 572
351 694
624 694
806 694
237 886
237 310
240 694
810 694
237 710
237 135
301 694
237 650
263 694
604 694
237 111
237 842
449 694
66 694
143 694
892 694
147 694
237 798
635 694
237 369
370 694
237 322
623 694
237 252
878 694
237 857
237 254
91 694
237 648
504 694
237 800
306 694
237 845
830 694
237 78
237 389
392 694
237 910
237 353
643 694
237 458
862 694
237 806
544 694
237 169
848 694
237 7
360 694
265 694
842 694
237 849
237 262
237 657
237 704
237 454
237 67
865 694
237 118
237 179
237 527
709 694
170 694
237 928
237 490
272 694
914 694
237 390
237 386
742 694
237 894
743 694
738 694
728 694
237 525
237 512
237 549
655 694
237 614
237 81
236 694
781 694
237 269
237 700
237 932
237 328
237 927
812 694
152 694
394 694
243 694
371 694
846 694
237 510
237 483
408 694
237 702
80 694
101 694
237 738
237 865
237 814
237 897
931 694
707 694
767 694
237 923
171 694
717 694
237 680
237 898
938 694
237 168
706 694
237 765
361 694
799 694
553 694
237 107
237 284
251 694
475 694
237 635
238 694
498 694
321 694
237 471
501 694
413 694
209 694
237 937
979 694
237 422
237 308
202 694
237 668
237 617
237 542
662 694
237 608
237 200
73 694
237 129
47 694
237 498
237 218
237 194
577 694
642 694
237 956
237 632
237 750
237 830
536 694
237 989
237 459
237 742
611 694
237 858
752 694
327 694
237 810
228 694
237 883
237 329
237 70
237 293
901 694
129 694
237 836
877 694
237 922
382 694
270 694
237 523
107 694
237 340
237 48
918 694
861 694
237 287
237 407
103 694
237 421
723 694
259 694
237 885
829 694
898 694
89 694
237 961
407 694
237 39
821 694
57 694
237 336
237 96
237 140
69 694
958 694
237 630
52 694
713 694
84 694
237 147
477 694
237 427
951 694
237 571
237 424
552 694
83 694
237 642
519 694
626 694
451 694
237 112
237 234
237 860
237 965
237 52
237 737
873 694
782 694
237 575
237 545
237 266
237 917
237 271
508 694
649 694
237 991
237 311
237 558
395 694
940 694
696 694
237 805
237 114
237 606
237 726
203 694
237 273
237 484
803 694
237 551
754 694
505 694
94 694
82 694
402 694
195 694
871 694
454 694
237 380
980 694
237 705
237 425
237 437
985 694
237 953
137 694
834 694
237 34
282 694
237 766
237 474
393 694
237 627
78 694
237 644
844 694
3 694
237 624
237 732
200 694
175 694
237 847
237 552
237 182
132 694
237 535
274 694
787 694
996 694
884 694
494 694
237 423
210 694
367 694
237 385
17 694
14 694
666 694
76 694
237 866
759 694
164 694
330 694
253 694
294 694
237 500
237 130
531 694
239 694
237 238
237 180
320 694
237 229
518 694
237 98
237 807
237 143
573 694
145 694
237 217
509 694
237 203
583 694
565 694
237 460
237 695
1 694
420 694
237 673
237 889
591 694
237 416
237 574
961 694
237 744
542 694
237 275
237 22
329 694
237 530
237 46
237 27
237 660
222 694
768 694
237 493
807 694
576 694
237 833
605 694
987 694
602 694
335 694
237 221
237 183
192 694
733 694
796 694
589 694
845 694
237 79
822 694
237 294
141 694
237 444
237 196
237 534
273 694
237 492
237 823
300 694
126 694
237 949
237 209
571 694
614 694
81 694
665 694
870 694
237 99
237 503
499 694
345 694
237 339
596 694
30 694
6 694
440 694
443 694
237 868
266 694
237 577
237 997
586 694
237 707
237 350
506 694
495 694
237 433
211 694
288 694
721 694
237 461
237 406
237 167
660 694
517 694
776 694
379 694
237 616
237 511
237 948
237 970
800 694
237 960
237 521
423 694
355 694
841 694
237 132
237 689
949 694
237 92
381 694
237 55
237 161
237 677
237 872
237 524
237 261
223 694
112 694
237 73
237 214
237 516
983 694
237 239
237 356
237 656
237 393
640 694
770 694
930 694
588 694
106 694
237 445
237 743
388 694
237 451
629 694
237 193
541 694
237 181
700 694
539 694
237 351
237 17
237 6
757 694
334 694
41 694
755 694
237 383
237 901
677 694
237 967
237 57
199 694
237 526
403 694
948 694
237 145
237 649
597 694
237 105
230 694
457 694
237 778
166 694
235 694
237 3
310 694
773 694
237 517
237 828
390 694
237 554
237 480
237 113
856 694
688 694
237 65
237 550
183 694
513 694
237 394
237 918
237 40
343 694
138 694
87 694
100 694
237 987
323 694
902 694
237 256
237 782
237 499
978 694
237 25
237 272
237 313
740 694
140 694
965 694
237 684
237 876
645 694
719 694
237 94
237 811
237 688
237 581
237 278
237 479
502 694
237 913
237 56
868 694
237 729
237 757
190 694
285 694
237 826
727 694
869 694
805 694
237 482
280 694
237 316
237 907
186 694
56 694
110 694
10 694
28 694
63 694
95 694
850 694
237 568
383 694
237 456
833 694
397 694
237 250
188 694
237 621
825 694
237 281
237 198
237 658
237 909
237 88
198 694
237 97
237 985
358 694
622 694
26 694
