476
13 22
46 45
-43 41
-1 15
29 2
-39 27
42 35
-25 15
26 4
19 12
-8 50
20 41
26 37
13 49
-35 49
-32 45
47 31
40 23
29 1
-44 8
14 14
3 40
28 47
-45 19
40 18
24 4
20 39
-14 10
-50 32
-12 20
27 14
33 3
-15 37
8 50
4 17
-9 19
8 23
35 8
-10 43
-45 27
26 14
-23 21
-1 32
5 39
2 50
-8 4
39 36
-42 13
34 10
-10 8
-24 41
-8 3
21 9
-42 33
-26 38
34 6
0 17
-39 4
21 45
-49 4
21 11
4 6
37 32
-2 15
-7 12
-22 21
7 44
-21 50
-38 44
-24 10
-21 44
48 48
-36 34
19 8
-2 8
42 34
39 33
36 26
3 20
-40 26
49 24
44 39
-4 29
5 7
11 7
4 9
-36 29
23 36
-2 18
-27 3
34 42
43 49
11 21
-2 40
12 42
-13 26
-22 46
-12 35
-46 50
48 22
45 25
2 33
-7 27
14 6
-33 7
11 38
-27 14
12 31
-3 40
-9 18
30 9
10 33
-14 25
5 46
-2 20
-16 36
-45 40
-7 42
9 45
42 41
-31 3
-43 28
48 49
7 36
-45 49
-2 32
-35 6
-15 49
-33 39
28 17
-15 13
28 28
-4 25
2 36
-49 22
10 21
39 31
-46 19
-28 31
7 27
17 50
-17 23
3 31
-35 30
45 28
30 44
9 49
49 21
33 29
-6 27
21 30
-24 14
32 6
-16 41
-43 2
-33 28
15 36
-20 32
9 16
-43 49
-13 9
-43 46
10 15
-15 3
-11 10
-25 50
-9 31
-16 17
-29 44
9 41
-46 15
-1 45
-42 17
-26 28
40 2
-15 26
17 42
23 28
39 37
16 50
-4 18
35 19
-13 32
-28 11
-49 31
-7 45
3 24
-18 14
-40 44
17 48
-1 39
18 22
2 28
-32 8
-20 12
24 12
-50 10
-21 2
-4 34
4 41
-27 35
-2 10
-15 4
-10 7
-48 19
-40 43
38 4
37 44
-43 50
19 44
-25 19
-24 29
-13 34
-17 37
10 6
7 19
28 6
37 36
36 44
29 39
30 19
-35 17
7 5
-27 19
11 11
44 3
-17 49
-24 17
18 38
48 35
10 22
-16 10
5 44
8 42
-24 42
49 34
43 13
4 37
-11 21
21 2
-9 13
-27 26
25 6
35 2
-31 35
36 28
20 50
19 28
-18 25
2 6
17 15
-32 28
12 27
-12 40
49 14
-5 17
-19 5
45 3
-24 20
21 1
32 36
-1 18
4 20
-33 10
0 34
-3 35
31 50
-4 12
-47 9
-44 36
-4 19
-46 8
-34 14
-46 31
-35 16
-41 24
0 9
-14 30
17 12
29 9
21 13
49 20
-4 31
13 44
32 10
-14 16
16 13
-35 38
14 5
6 18
-35 4
-19 46
-14 18
38 37
-47 44
-23 37
-4 39
9 2
-31 39
40 47
5 22
-40 10
31 33
-37 47
-3 1
17 29
42 6
37 43
-32 43
-41 10
12 16
45 4
38 8
18 9
48 12
-37 34
-33 41
44 48
40 38
-3 15
-20 40
16 47
-5 7
27 30
16 21
-20 10
-12 45
46 16
23 38
14 2
22 26
-28 27
37 50
38 38
39 13
48 16
-24 16
-46 3
23 20
-19 22
34 11
-13 29
-2 48
-12 39
-13 2
-36 30
-4 20
-20 38
-37 4
43 41
-20 7
-7 21
20 21
-44 2
25 19
7 15
-29 28
45 7
-12 50
11 39
33 35
-38 32
23 39
39 12
-6 45
33 7
-16 13
42 42
26 23
38 30
44 23
-49 9
-20 27
23 32
38 15
4 45
-50 13
-36 41
-41 42
21 5
25 45
10 47
2 8
-39 42
-12 13
-1 26
47 6
-11 44
20 40
-42 34
18 42
35 23
-40 31
-29 2
-8 30
-36 32
-9 10
39 19
31 4
-14 9
15 17
4 4
17 20
25 46
2 22
49 30
-41 13
-50 38
34 33
14 46
-5 22
-19 8
-13 33
46 23
-46 46
-46 23
-12 2
-15 50
-38 30
-47 34
-47 41
2 34
46 21
-44 37
38 25
-27 43
46 48
25 5
37 4
-21 25
29 33
20 13
29 46
45 31
-43 3
45 41
-12 47
37 24
-38 34
30 39
-2 9
28 45
14 15
5 17
-41 34
36 24
-16 49
3 30
7 28
34 21
30 20
-17 22
-13 4
-46 14
-40 5
-19 23
44 7
-23 17
27 1
-40 8
-38 46
-50 7
25 18
45 12
-50 33
30 21
5 31
15 14
-36 21
-26 35
13 50
-26 26
-20 48
0 44
-8 43
29 4