1000
6734 -255
3280 -2226
210 -2989
1176 4896
1760 -120
63 -294
3312 -2044
3038 315
3021 -1488
954 -945
3720 6675
1860 640
385 -2790
1134 7650
165 -4896
1680 1560
6720 -855
0 -1564
840 450
2115 -165
4134 630
6497 612
1200 -180
1680 -1273
708 -90
1302 4080
2494 -1162
1188 3999
2088 -2288
1476 -3880
1560 1350
2850 1184
540 6106
780 415
8148 3234
2345 -3660
450 3075
1020 -3956
5893 -3219
310 -3185
6160 -6106
2432 -3162
2392 -1176
990 1064
7220 -4182
6612 2752
4656 5100
1056 -1484
79 -598
6138 4704
2204 3040
1092 -4324
2100 3000
2208 3298
0 -793
816 -1817
891 -2318
4662 1734
1120 144
5548 -1782
462 1088
2610 2112
1518 -836
5037 -7275
70 3021
686 9900
957 -1760
8428 3713
2860 26
2622 160
216 -5760
7565 7998
4575 -1080
1694 5400
2940 -4158
87 -3968
0 -697
344 -3496
49 1305
536 1610
3685 -1845
5246 -2960
850 -2750
128 969
2187 693
3198 2940
134 -1056
4418 -2816
2184 -1455
284 469
1760 1681
6144 516
3120 -340
2910 2142
286 3515
2700 -1691
4100 6816
2425 -4752
884 1539
4462 -168
216 1672
2607 9306
8 1495
768 1596
1691 -4582
2430 -2184
2418 6230
7663 -1380
624 -64
1081 5900
935 450
528 -1100
3479 1938
1425 1395
108 -1664
1860 1472
333 2550
2185 -2704
6365 -8188
4032 -2376
105 -102
39 -1110
594 3721
2484 -120
2212 2184
8036 -5200
2010 3080
54 1591
3822 -2809
2744 700
1420 1240
756 -5220
0 4136
4680 2989
7740 8633
266 2646
5148 -3717
682 -580
3404 306
1003 216
342 -5394
1600 4770
144 2277
5278 4368
1056 -1254
4320 -3403
360 1806
2072 -5760
396 2850
4212 -5358
3400 -954
8554 -3348
5655 -3264
4128 -581
3016 -1739
6160 72
1628 1260
1598 1580
608 -2535
3922 -3819
54 1128
1647 -3354
798 1200
3111 -198
110 2511
2024 -4104
110 -1152
5100 -176
1302 3872
3243 -2430
2940 432
154 -2100
1920 -2520
483 1032
1480 -168
5382 5733
378 -264
3332 -2522
432 1157
4380 -2850
820 913
4473 748
897 -4836
3477 4189
1722 850
4814 -2028
592 4686
128 -3445
893 -56
126 -532
1886 1140
65 -1767
3476 -1232
48 -3948
1404 48
1332 5913
1332 -648
0 -795
2937 4950
2134 -1702
318 -1032
93 -1456
1484 -2508
486 350
1554 -1840
2520 -2268
680 420
3904 -2904
150 408
799 -3240
3479 -2208
3835 343
160 2871
4770 754
1269 -6674
576 2520
5664 -693
403 5170
3780 -3105
990 -1728
1056 1683
924 0
1134 460
3283 -60
3984 -162
1925 7636
544 550
234 -4136
1200 6510
1440 -1040
208 -5120
0 -1225
2160 -4524
2220 2520
6708 5670
855 -86
1320 6142
1378 900
270 -355
1794 1188
3906 6174
832 384
146 -4392
6486 5880
405 -2376
4611 6231
112 -4888
1275 713
168 -5346
4410 -7654
8280 7480
2496 -4745
390 -116
3431 -1680
1755 0
1148 -5044
4900 -952
7885 3916
456 -3519
3192 -1334
3344 -688
2967 2925
980 -1482
3450 -325
1134 3069
3996 6776
3976 3510
1938 -3
9506 552
4118 4872
94 1612
715 -946
4148 1295
840 -608
6120 3551
882 2840
5628 -1204
2760 -68
504 -760
3185 -2146
3264 -918
848 1292
873 1122
2001 -3225
1092 -1034
464 -3952
3610 1150
75 -1406
1440 -518
4050 -551
180 -234
1120 -7052
1248 4544
1760 2438
2024 5346
4736 -1178
1275 4059
2976 -1392
4558 -2350
4272 -2132
1443 1736
2805 510
3828 4692
280 -368
1628 492
0 2346
2736 5292
3081 -2046
1710 -190
175 -6080
5225 -1794
4814 22
1083 1449
0 3827
5780 -546
4620 4264
2604 2368
3720 -812
913 3519
7275 -1040
0 -2940
28 336
405 1008
4536 -6776
1720 -882
1677 -3290
1488 -882
1700 2560
6624 1148
1185 -4368
580 930
1512 8613
2201 -3230
0 186
1001 -5621
2754 2992
961 94
1372 66
1760 2940
3834 -1892
1452 1015
0 1104
968 480
240 0
486 -132
1190 3504
737 -1806
3450 -924
3080 1200
4968 825
1482 -1008
4042 63
292 1472
679 -2356
1560 -4425
1596 -880
552 -284
248 5120
384 627
2100 5225
1400 4085
384 1045
3080 1898
4465 -270
8004 4263
1615 -3588
1197 -8536
2166 -2196
2739 -2856
4611 -364
0 -1406
4818 -7700
4416 -1992
5780 -2345
924 -1206
1440 -3720
896 6966
3618 92
323 6298
125 4324
2992 -161
1517 -3182
918 480
7315 2232
1164 -1377
1872 -1944
667 -1943
841 864
5762 1218
0 -203
8010 -2774
2322 546
666 2340
2304 -7007
240 60
2331 -5848
518 -2100
3408 -1519
3731 1517
5859 -836
1218 -2752
1716 1624
3420 630
69 -1305
204 7469
646 -4896
1026 -240
16 840
315 4845
4717 -2755
8415 1680
0 -7220
2204 -3825
3465 846
2184 -198
0 175
2944 -5704
1975 3381
2242 504
1095 -420
1462 1479
1440 1387
14 -528
1098 2000
7614 3978
1292 -5175
1269 42
270 2967
395 -624
2849 3478
4606 340
1258 3904
2673 6072
1558 261
159 510
4320 4422
3953 -1027
558 -1288
663 3471
864 -624
1083 -532
3237 6424
1974 -4365
6216 -1786
1968 -6006
2886 117
285 7476
105 -2688
900 171
187 -15
4092 2665
2009 1350
2628 -882
1820 -1363
3285 0
2548 -1656
1156 6208
9024 -2178
874 630
576 -3564
5336 -873
1050 361
651 -9024
3240 -119
2160 2627
3780 1952
432 1020
704 2145
444 -1332
520 -3325
294 -9408
3010 371
4680 5494
4505 -80
180 -598
1750 2136
903 720
2244 1365
186 -7921
3283 -2989
2304 -581
3055 266
1170 882
3990 304
702 3465
22 -4956
660 -4539
760 1584
1825 -1710
576 1120
1080 -648
6633 414
972 741
3321 272
3248 116
1344 2294
6693 -2397
4320 -1404
4860 -2200
0 5822
7410 -7029
1020 180
3599 396
1265 612
4389 -2660
3960 2673
2548 -5896
6762 -1940
3010 -1056
1088 -2392
2457 -8019
2765 1032
504 803
1519 -3069
4459 -44
90 -1500
1716 -2016
247 -2960
1998 -4970
500 1240
8160 -676
760 2002
1632 3185
2183 6800
594 2166
833 -630
4788 890
960 -231
4880 -490
2988 8342
3572 -357
5846 1173
549 5828
1520 4312
945 -2352
448 5488
6942 3008
1440 -7254
5893 1008
1056 -2100
1316 2176
1484 1440
3577 -996
3861 -2706
2550 -1820
5146 -1872
1704 -679
1872 -57
1380 -770
1053 5848
1375 5644
945 2156
588 561
918 63
2820 5015
2075 287
399 5247
4200 7200
4512 -1200
3762 3540
1309 -354
4692 -775
2028 5440
6708 -4950
4675 1740
4335 7968
595 -1584
5950 2310
152 -2744
5220 -636
372 -988
8463 -5609
185 2960
1750 -880
5874 -5254
2106 -2664
1274 -1056
4575 -7776
4320 413
1269 256
1372 -2679
2464 960
540 3965
2300 3894
4895 -5848
5246 -186
1100 -2108
1530 -740
282 -644
378 -3128
4347 130
5762 -4018
1296 -885
36 -210
1485 -4300
3008 -5832
4960 -5986
427 352
3724 -2635
256 2838
245 -198
845 105
629 -324
2112 -85
5100 -144
2208 0
1598 -7227
1200 -816
6 70
930 2600
58 2436
1909 -114
697 -2052
340 -120
748 -6853
300 -2736
8188 4615
5456 -312
4183 -1376
2300 700
3157 6162
3420 4345
1560 -51
3658 7371
1162 -1749
3825 -810
4150 4606
3776 768
1425 258
87 8526
3402 -2688
4386 -1512
1302 1518
1449 1552
1640 3570
528 -3698
177 -2760
3234 -1275
300 240
3577 -8811
288 -4095
3267 2064
2684 1464
960 2838
910 3850
2346 -3250
1512 5187
2491 1485
1395 -552
2295 6111
2800 -2088
2464 2814
671 3392
2106 -3861
6862 1056
876 986
5610 7304
1840 3000
2343 1008
765 -4896
31 -4606
2478 5733
2652 432
1974 5518
497 -1152
5859 1254
2550 -1320
6205 4233
1680 -3654
4914 1848
4725 250
42 -5185
924 -5782
5780 3760
990 -1739
392 69
4450 7221
395 -260
77 4641
2365 -3995
2244 703
2482 3818
413 -1620
6536 2015
558 -2604
966 -5922
960 -507
5850 1520
2596 858
616 5244
2028 -86
3234 420
328 -720
3234 5488
4872 -798
4680 5236
279 -846
3922 -504
3024 -371
4047 3420
350 684
168 -672
3654 -1914
1600 -344
990 -1240
2009 450
2190 1971
3348 -341
1071 -3339
357 -1395
5146 3432
4592 100
2212 -518
1935 3906
600 -612
215 231
2277 -6030
3920 2870
3431 2125
7371 -3136
9025 -4320
56 2601
546 94
2592 1830
1836 -10
2928 3696
962 1056
270 -1680
4171 567
5390 9800
880 3078
372 0
5544 -5520
376 168
4408 12
3584 276
1728 2044
1036 744
780 -1426
2200 2328
1302 6480
3053 4256
1056 165
266 270
5 -2560
3760 680
240 2772
224 1460
64 -1950
2457 -5265
8648 16
3420 2100
1323 -2769
1680 900
1740 -6000
1025 592
2173 -2430
870 4200
5170 6270
1602 1647
2856 -8645
450 -532
1080 -4200
306 320
128 88
54 -1325
855 10
1480 -645
506 -6603
900 -7224
81 -2376
4074 2655
212 4224
8 -2211
825 432
2254 -6351
2244 66
2343 -735
1830 330
780 -312
2795 -464
2200 8
1950 -756
5544 1040
3430 -1564
1584 3212
5452 3162
529 2091
6510 868
1272 -1715
1980 1040
338 -874
0 2325
3570 -4505
2225 -160
1400 140
5183 -3773
1157 -120
5475 1260
588 1960
4653 2419
476 -2343
1508 5022
7056 7098
1806 -5525
2891 -3150
6804 1440
800 4366
295 874
84 84
280 826
553 -4628
2350 -3564
4539 3306
0 -4758
814 533
80 -192
52 -1122
1690 1764
5467 -7
1430 -156
40 -2688
5208 3901
1225 2730
1357 -720
1600 -770
1711 -2320
2409 320
6486 372
4416 414
2730 1122
5148 -2988
4256 -3120
3650 18
1596 -1539
1344 -1204
6745 -2944
4608 3234
34 -4698
1462 5548
1955 -3293
6975 -1872
540 4350
1023 4234
880 -2900
4851 -1617
1462 -1079
9506 5440
1615 -400
7220 -18
2739 1394
308 -980
1512 486
441 -2652
1407 1679
7584 200
3080 -1036
2160 -2907
1539 -1562
6806 3640
5915 1911
320 6545
3132 -2340
258 -4620
3096 -24
6336 -6552
5312 -6156
570 -1848
5141 3840
256 6808
923 2016
2832 -1056
1638 -1748
1890 132
595 -3276
174 -1430
552 2196
77 840
138 1890
3626 -2860
5850 -1035
2805 -2754
2860 5963
184 1680
472 -2016
3975 -1156
912 4758
448 616
1475 7728
2730 2145
2739 6720
2030 -585
366 -1620
944 2976
1978 -1209
690 -884
0 -2442
644 -3827
6480 3953
1598 1088
3696 -3120
693 -342
975 1365
4940 -2200
8134 385
1872 -3008
3600 -510
408 -600
402 -648
954 1720
5922 6708
814 760
3002 2058
924 3104
363 -6972
4032 -1295
87 -190
84 1786
55 -2304
648 760
4154 1485
0 1085
5445 -3478
460 -4092
1617 4230
6175 -76
810 1485
408 5130
2184 1428
2365 -4698
252 -814
3900 -525
7350 6241
0 890
1360 845
328 2838
572 -5451
1311 1242
372 -308
1872 176
119 2910
420 328
1410 -195
2236 2346
3975 4224
1539 -1782
1156 -330
1219 2444
260 6230
711 7161
1702 -2409
1568 2760
1050 5700
1056 1800
5247 -6300
4851 -1890
4836 -860
3360 240
1140 684
616 896
1089 -9900
3960 8281
464 54
5369 -1521
1800 9506
3700 -950
5481 2070
1472 -960
432 208
8256 -2070
4559 61
5767 -69
6975 -200
2046 -510
2880 8645
5655 1656
2752 -5628
147 504
2108 -6006
372 -4968
1216 7744
4340 5782
1653 2610
9306 2623
630 5472
5304 -3920
306 -4389
4029 3484
6468 4374
689 -2432
0 8428
2418 7224
3198 3220
7440 -533
2813 -2009
1995 495
22 608
3298 4324
64 -846
6768 374
